912,
    744,
    872,
    223,
    304,
    832,
    968,
    104,
    200,
    189,
    566,
    828,
    249,
    878,
    390,
    738,
    680,
    918,
    16,
    914,
    696,
    568,
    488,
    210,
    298,
    588,
    106,
    126,
    392,
    337,
    740,
    776,
    562,
    386,
    277,
    826,
    490,
    48,
    478,
    584,
    688,
    128,
    296,
    124,
    480,
    300,
    476,
    916,
    388,
    311,
    349,
    302,
    726,
    532,
    532,
    532,
    532,
    532,
    532,
    532,
    532,
    532,
    532,
    532,
