[
    46956,
    245616,
    102379,
    128899,
    373255,
    28847,
    37668,
    77307,
    382873,
    56643,
    102391,
    38127,
    19092,
    236844,
    76079,
    102383,
    102684,
    516,
    65963,
    102367,
    76071,
    121260,
    111399,
    19495,
    102363,
    391644,
    102375,
    399567,
    399571,
    28380,
    56244,
    76075,
    76047,
    76055,
    74820,
    399767,
    76059,
    102387,
    121703,
    65532,
    76051,
    111972,
    102371,
    1423,
    47347,
    76067,
    76063,
    373251,
    382356,
    102399,
    130548,
    373451,
    76083,
    149124,
    102395,
    76775,
    456666,
    456666,
    456666,
    456666,
    456666,
    456666,
    456666,
    456666,
]
